3     2   1      3    1      4   1
2     4   1      5    1
1     6   1    
3     3   1     6    1     7   1     
2     4   1     7    1
0
1     6    1
2     2    2     4    1     
2     4    3     5    10
2     1    4     6    5
4     3    2     5    2      6   8      7   4
1     7    6
0
1     6    1
3     2    2     3    4      4    1   
3     1    2     4    3      5    10
3     1    4     4    2      6    5
6     1    1     2    3      3    2        5    7      6   8      7   4
3     2    10   4    7      7    6
3     3    5     4    8      7    1
3     4    4     5    6      6    1
2     2  1      4    1
2     1  1      3    1
3     2  1      4    1      7    1
4     1  1      3    1       5   1     6   1
2     4  1      6    1
2     4  1      5    1
1     3   1
3
2     2  1      4    1
2     1  1      3    1
3     2  1      4    1      7    1
4     1  1      3    1       5   1     6   1
2     4  1      6    1
2     4  1      5    1
    1 3  1
1
1     2    1
2     3    1     6    1     
1     1    1     
2     6    1     7    1
1     4    1
1	1  1     
1     5    1